Case #1: 7 2 3 5 6 8 8 9
Case #2: 7 2 4 6 6 6 8 9
Case #3: 6 4 4 6 7 8 12
Case #4: -1
Case #5: 4 8 10 11 12
Case #6: 4 2 5 13 21
Case #7: 7 2 5 5 5 5 7 12
Case #8: 31 1 1 1 1 1 1 1 1 1 1 1 1 1 1 1 1 1 1 1 1 1 1 1 1 1 1 1 1 1 1 11
Case #9: 8 3 3 5 5 6 6 6 7
Case #10: 12 1 1 1 1 1 1 1 1 1 1 3 28
Case #11: 7 4 5 6 6 6 6 8
Case #12: 6 3 6 7 8 8 9
Case #13: 5 1 1 1 2 36
Case #14: 6 2 6 6 6 8 13
Case #15: 5 6 6 8 9 12
Case #16: 5 5 5 9 10 12
Case #17: 10 1 1 1 1 1 1 1 1 3 30
Case #18: 6 2 4 5 9 10 11
Case #19: 9 2 3 3 5 5 5 6 6 6
Case #20: 13 1 1 1 1 1 1 1 1 1 1 5 7 19
Case #21: 9 1 1 1 1 1 1 1 3 31
Case #22: -1
Case #23: 21 1 1 1 1 1 1 1 1 1 1 1 1 1 1 1 1 1 1 1 1 21
Case #24: 4 4 10 12 15
Case #25: -1
Case #26: 4 1 1 3 36
Case #27: 4 3 8 12 18
Case #28: 9 2 3 3 4 5 6 6 6 6
Case #29: 7 2 3 5 6 7 8 10
Case #30: 20 1 1 1 1 1 1 1 1 1 1 1 1 1 1 1 1 1 1 1 22
Case #31: 7 3 4 4 7 7 8 8
Case #32: 4 3 8 15 15
Case #33: 9 3 4 4 4 4 4 5 5 8
Case #34: 5 1 5 10 10 15
Case #35: 5 5 7 8 8 13
Case #36: -1
Case #37: -1
Case #38: 6 4 6 7 8 8 8
Case #39: 5 3 3 6 13 16
Case #40: 4 1 12 14 14
Case #41: 4 1 5 16 19
Case #42: 6 5 5 5 5 9 12
Case #43: 6 4 6 6 6 8 11
Case #44: 3 11 13 17
Case #45: 8 2 3 5 5 5 6 7 8
Case #46: -1
Case #47: 7 1 1 1 5 7 7 19
Case #48: 8 2 3 6 6 6 6 6 6
Case #49: 10 2 3 4 4 4 4 4 4 4 8
Case #50: 6 6 6 6 7 7 9
Case #51: 8 1 2 5 5 5 7 7 9
Case #52: 28 1 1 1 1 1 1 1 1 1 1 1 1 1 1 1 1 1 1 1 1 1 1 1 1 1 1 1 14
Case #53: -1
Case #54: 6 2 5 6 8 10 10
Case #55: 5 5 8 8 10 10
Case #56: 6 2 3 6 8 9 13
Case #57: 6 2 5 5 7 9 13
Case #58: -1
Case #59: 4 2 5 16 18
Case #60: 7 3 4 4 6 8 8 8
Case #61: -1
Case #62: -1
Case #63: 10 1 1 1 1 1 1 1 1 4 29
Case #64: 6 5 5 7 8 8 8
Case #65: 5 6 6 7 9 13
Case #66: 4 6 6 14 15
Case #67: 4 5 7 11 18
Case #68: 7 3 6 6 6 6 6 8
Case #69: 6 3 5 8 8 8 9
Case #70: 5 3 9 9 10 10
Case #71: -1
Case #72: 5 2 7 8 8 16
Case #73: -1
Case #74: 6 2 3 8 8 10 10
Case #75: -1
Case #76: 5 2 8 9 11 11
Case #77: 5 4 6 7 12 12
Case #78: 5 1 6 9 12 13
Case #79: 4 2 5 12 22
Case #80: 5 8 8 8 8 9
Case #81: 8 2 5 5 5 6 6 6 6
Case #82: 5 1 1 1 1 37
Case #83: 4 7 8 10 16
Case #84: 6 2 5 6 9 9 10
Case #85: 5 5 5 6 10 15
Case #86: -1
Case #87: 12 1 1 1 1 1 1 1 1 1 1 1 30
Case #88: 7 2 4 5 5 6 9 10
Case #89: 6 2 3 6 9 10 11
Case #90: 6 1 1 1 6 11 21
Case #91: 4 5 9 9 18
Case #92: 9 2 3 4 4 4 4 5 7 8
Case #93: 6 4 4 4 5 8 16
Case #94: 9 2 4 4 4 4 5 6 6 6
Case #95: 5 2 7 10 10 12
Case #96: 6 1 1 1 1 1 36
Case #97: -1
Case #98: 4 1 3 8 29
Case #99: 7 3 4 5 6 6 8 9
Case #100: 5 3 6 7 8 17
Case #101: 7 2 3 3 5 6 9 13
Case #102: 4 5 8 12 16
Case #103: 5 2 8 9 10 12
Case #104: 5 2 5 6 9 19
Case #105: 5 3 3 3 5 27
Case #106: 6 2 6 6 7 9 11
Case #107: 6 1 1 2 5 16 16
Case #108: 3 3 16 22
Case #109: 9 2 3 4 4 5 5 6 6 6
Case #110: 3 5 16 20
Case #111: -1
Case #112: 5 2 5 9 11 14
Case #113: 6 3 4 8 8 9 9
Case #114: 6 3 5 6 7 10 10
Case #115: 7 3 5 6 6 6 7 8
Case #116: 3 1 18 22
Case #117: 34 1 1 1 1 1 1 1 1 1 1 1 1 1 1 1 1 1 1 1 1 1 1 1 1 1 1 1 1 1 1 1 1 1 8
Case #118: 14 1 1 1 1 1 1 1 1 1 1 1 1 1 28
Case #119: -1
Case #120: 5 6 8 8 9 10
Case #121: 6 3 5 5 5 11 12
Case #122: 13 1 1 1 1 1 1 1 1 1 1 3 7 21
Case #123: 8 2 3 4 4 5 7 8 8
Case #124: 6 3 7 7 8 8 8
Case #125: -1
Case #126: 7 4 4 4 5 8 8 8
Case #127: 2 5 36
Case #128: 10 2 3 3 3 3 3 3 5 7 9
Case #129: 5 3 6 8 10 14
Case #130: 10 2 3 3 3 3 3 5 5 5 9
Case #131: -1
Case #132: 6 2 7 7 7 8 10
Case #133: -1
Case #134: 6 3 6 8 8 8 8
Case #135: 7 2 3 7 7 7 7 8
Case #136: 7 2 4 5 5 6 8 11
Case #137: 5 1 2 5 13 20
Case #138: 4 3 9 11 18
Case #139: -1
Case #140: 4 1 5 17 18
Case #141: 5 3 8 9 9 12
Case #142: -1
Case #143: -1
Case #144: -1
Case #145: -1
Case #146: 3 1 2 38
Case #147: 6 2 5 5 8 8 13
Case #148: 6 5 6 6 6 9 9
Case #149: 5 4 5 9 10 13
Case #150: 6 5 5 6 6 6 13
Case #151: 5 5 9 9 9 9
Case #152: 6 6 6 6 6 8 9
Case #153: 6 2 4 7 8 10 10
Case #154: -1
Case #155: -1
Case #156: -1
Case #157: 3 7 12 22
Case #158: 6 3 4 7 7 10 10
Case #159: 6 1 3 7 8 11 11
Case #160: 5 2 3 9 10 17
Case #161: 5 4 9 9 9 10
Case #162: 8 3 4 4 4 4 6 8 8
Case #163: 5 2 6 10 11 12
Case #164: 8 3 4 4 5 6 6 6 7
Case #165: 3 5 12 24
Case #166: 5 3 5 8 12 13
Case #167: 4 3 7 12 19
Case #168: 6 3 3 7 7 9 12
Case #169: 6 1 1 2 5 9 23
Case #170: 6 5 6 6 8 8 8
Case #171: 8 2 3 4 4 4 5 8 11
Case #172: -1
Case #173: 10 1 4 4 4 4 4 4 4 4 8
Case #174: 7 3 4 4 4 5 8 13
Case #175: -1
Case #176: 6 2 3 7 9 10 10
Case #177: 6 5 5 5 7 9 10
Case #178: 6 2 4 7 7 9 12
Case #179: 19 1 1 1 1 1 1 1 1 1 1 1 1 1 1 1 1 1 5 19
Case #180: 6 1 1 1 1 5 32
Case #181: -1
Case #182: 6 4 5 6 8 8 10
Case #183: 4 6 10 11 14
Case #184: 4 3 8 10 20
Case #185: 7 3 3 6 6 7 7 9
Case #186: 5 2 5 7 9 18
Case #187: 8 3 4 4 4 5 6 7 8
Case #188: 4 3 8 14 16
Case #189: 7 3 4 5 5 5 8 11
Case #190: 6 3 4 7 8 9 10
Case #191: 5 2 5 8 10 16
Case #192: 4 3 6 16 16
Case #193: 6 4 5 5 8 9 10
Case #194: 4 2 8 9 22
Case #195: 2 9 32
Case #196: -1
Case #197: 4 4 7 10 20
Case #198: 7 2 5 6 6 6 7 9
Case #199: 7 2 3 5 5 7 8 11
Case #200: 11 1 1 1 1 1 1 1 1 1 3 29
Case #201: -1
Case #202: 12 1 1 1 1 1 1 1 1 1 1 2 29
Case #203: 5 6 7 7 9 12
Case #204: 5 3 8 10 10 10
Case #205: 5 4 5 8 8 16
Case #206: 4 5 8 8 20
Case #207: 5 1 3 7 14 16
Case #208: 5 1 3 7 15 15
Case #209: 8 2 3 5 5 5 6 6 9
Case #210: 9 2 3 4 4 4 4 4 8 8
Case #211: 7 2 4 5 7 7 8 8
Case #212: 7 2 5 5 6 7 8 8
Case #213: 5 2 3 5 8 23
Case #214: 4 3 9 13 16
Case #215: 8 3 3 3 4 6 6 7 9
Case #216: 6 5 6 6 6 7 11
Case #217: 4 6 7 12 16
Case #218: 3 8 15 18
Case #219: 5 5 6 9 10 11
Case #220: 6 5 5 5 5 5 16
Case #221: 8 3 4 4 5 5 5 7 8
Case #222: 23 1 1 1 1 1 1 1 1 1 1 1 1 1 1 1 1 1 1 1 1 1 7 13
Case #223: 5 2 5 8 9 17
Case #224: -1
Case #225: 8 1 1 1 1 1 1 3 32
Case #226: 5 7 7 8 9 10
Case #227: 3 10 11 20
Case #228: 21 1 1 1 1 1 1 1 1 1 1 1 1 1 1 1 1 1 1 1 5 17
Case #229: -1
Case #230: 3 8 9 24
Case #231: 5 1 4 7 13 16
Case #232: 8 2 4 5 5 5 5 6 9
Case #233: 5 4 7 10 10 10
Case #234: 19 1 1 1 1 1 1 1 1 1 1 1 1 1 1 1 1 1 3 21
Case #235: 2 2 39
Case #236: 6 3 6 6 8 9 9
Case #237: 6 2 6 7 7 7 12
Case #238: -1
Case #239: 4 1 7 9 24
Case #240: 5 1 2 5 16 17
Case #241: 5 3 6 8 12 12
Case #242: 8 3 3 3 5 6 6 6 9
Case #243: 7 2 3 5 6 6 8 11
Case #244: 4 7 9 10 15
Case #245: 8 3 5 5 5 5 5 5 8
Case #246: 5 4 7 9 10 11
Case #247: 5 3 7 8 11 12
Case #248: 5 5 6 8 9 13
Case #249: 5 5 6 7 9 14
Case #250: 4 7 10 12 12
Case #251: 6 2 3 5 7 11 13
Case #252: 15 1 1 1 1 1 1 1 1 1 1 1 1 1 5 23
Case #253: 8 4 4 4 4 5 6 6 8
Case #254: -1
Case #255: 7 4 5 5 5 5 8 9
Case #256: 4 4 7 15 15
Case #257: 21 1 1 1 1 1 1 1 1 1 1 1 1 1 1 1 1 1 1 1 9 13
Case #258: 7 3 5 5 6 6 7 9
Case #259: 4 3 5 6 27
Case #260: 5 3 6 7 12 13
Case #261: 5 1 1 1 3 35
Case #262: 4 5 10 12 14
Case #263: 5 4 8 9 9 11
Case #264: -1
Case #265: -1
Case #266: 7 2 4 5 5 5 9 11
Case #267: 6 1 3 9 9 9 10
Case #268: 7 2 5 5 5 8 8 8
Case #269: -1
Case #270: 9 1 1 1 1 1 1 1 4 30
Case #271: 4 1 1 7 32
Case #272: 5 4 4 8 10 15
Case #273: 4 7 7 11 16
Case #274: 5 3 6 8 11 13
Case #275: 8 2 4 4 5 6 6 6 8
Case #276: 5 1 9 10 10 11
Case #277: 6 1 2 7 7 9 15
Case #278: 6 5 5 5 8 9 9
Case #279: 6 3 5 5 8 10 10
Case #280: 5 4 5 7 10 15
Case #281: 6 2 3 8 9 9 10
Case #282: 8 3 4 5 5 6 6 6 6
Case #283: 6 2 3 4 8 11 13
Case #284: 15 1 1 1 1 1 1 1 1 1 1 1 1 1 2 26
Case #285: 5 3 7 9 10 12
Case #286: 6 1 2 7 8 10 13
Case #287: 4 2 7 14 18
Case #288: 3 2 7 32
Case #289: -1
Case #290: -1
Case #291: 5 2 7 7 10 15
Case #292: 4 3 10 12 16
Case #293: -1
Case #294: 6 2 4 4 7 8 16
Case #295: -1
Case #296: 9 2 3 3 3 3 6 6 6 9
Case #297: 5 2 7 8 12 12
Case #298: 7 3 4 5 5 6 9 9
Case #299: 4 2 6 15 18
Case #300: -1
Case #301: -1
Case #302: 7 2 3 6 6 7 8 9
Case #303: 16 1 1 1 1 1 1 1 1 1 1 1 1 1 1 6 21
Case #304: 7 2 5 5 6 6 6 11
Case #305: 9 3 3 3 4 5 5 6 6 6
Case #306: 6 2 5 5 9 9 11
Case #307: 7 3 5 6 6 6 6 9
Case #308: -1
Case #309: -1
Case #310: 11 1 1 1 1 1 1 1 1 1 2 30
Case #311: 5 4 7 9 9 12
Case #312: 4 5 5 10 21
Case #313: -1
Case #314: 6 1 1 1 3 16 19
Case #315: 7 1 1 1 1 1 4 32
Case #316: 8 2 3 4 5 6 6 7 8
Case #317: 4 5 10 10 16
Case #318: 16 1 1 1 1 1 1 1 1 1 1 1 1 1 1 5 22
Case #319: 6 2 5 6 6 9 13
Case #320: -1
Case #321: 4 6 8 9 18
Case #322: 6 1 3 5 7 10 15
Case #323: -1
Case #324: -1
Case #325: 7 2 3 4 6 7 8 11
Case #326: 6 4 5 5 7 10 10
Case #327: 4 7 8 12 14
Case #328: 6 2 3 5 9 11 11
Case #329: 5 1 1 9 15 15
Case #330: 8 2 3 3 6 6 6 6 9
Case #331: 5 1 1 1 6 32
Case #332: 6 3 5 7 7 9 10
Case #333: 7 2 3 5 7 7 8 9
Case #334: -1
Case #335: 4 3 7 11 20
Case #336: 7 5 6 6 6 6 6 6
Case #337: -1
Case #338: 4 3 11 11 16
Case #339: 5 5 5 5 10 16
Case #340: 6 2 4 6 8 8 13
Case #341: -1
Case #342: 5 2 4 11 12 12
Case #343: -1
Case #344: 7 2 5 5 5 6 9 9
Case #345: 7 1 2 6 8 8 8 8
Case #346: 8 1 1 1 2 9 9 9 9
Case #347: 6 3 3 6 6 9 14
Case #348: 5 2 4 8 11 16
Case #349: 9 2 3 4 4 5 5 5 5 8
Case #350: 7 2 6 6 6 6 6 9
Case #351: 5 1 1 2 9 28
Case #352: 6 1 1 1 1 2 35
Case #353: 17 1 1 1 1 1 1 1 1 1 1 1 1 1 1 1 3 23
Case #354: 3 6 17 18
Case #355: 7 4 5 5 5 6 8 8
Case #356: 4 5 9 12 15
Case #357: 9 2 3 3 3 3 5 6 7 9
Case #358: 4 9 10 10 12
Case #359: 7 3 3 3 5 9 9 9
Case #360: 6 2 3 5 6 8 17
Case #361: 5 3 5 7 12 14
Case #362: -1
Case #363: 5 1 2 7 10 21
Case #364: 9 2 3 3 3 5 6 6 6 7
Case #365: -1
Case #366: 4 2 7 16 16
Case #367: 4 2 3 18 18
Case #368: 10 2 3 3 3 3 4 5 6 6 6
Case #369: 9 1 1 1 1 1 1 1 1 33
Case #370: 5 3 6 9 11 12
Case #371: 25 1 1 1 1 1 1 1 1 1 1 1 1 1 1 1 1 1 1 1 1 1 1 1 7 11
Case #372: 4 3 7 8 23
Case #373: 6 3 7 7 7 8 9
Case #374: 5 3 7 8 10 13
Case #375: 6 2 7 7 8 8 9
Case #376: 6 1 2 8 10 10 10
Case #377: -1
Case #378: 27 1 1 1 1 1 1 1 1 1 1 1 1 1 1 1 1 1 1 1 1 1 1 1 1 1 5 11
Case #379: 5 3 5 10 11 12
Case #380: 4 2 9 15 15
Case #381: -1
Case #382: 6 3 4 4 5 8 17
Case #383: 10 1 1 1 1 1 1 1 1 1 32
Case #384: 22 1 1 1 1 1 1 1 1 1 1 1 1 1 1 1 1 1 1 1 1 7 14
Case #385: 6 3 5 6 6 8 13
Case #386: 7 2 3 4 5 6 8 13
Case #387: 6 1 1 8 8 10 13
Case #388: 6 1 1 1 1 3 34
Case #389: -1
Case #390: 5 6 6 8 8 13
Case #391: -1
Case #392: -1
Case #393: 5 5 7 7 10 12
Case #394: 3 10 10 21
Case #395: 5 2 7 7 7 18
Case #396: 4 4 11 12 14
Case #397: 7 3 4 4 5 6 8 11
Case #398: -1
Case #399: 6 4 5 6 8 9 9
Case #400: -1
Case #401: 22 1 1 1 1 1 1 1 1 1 1 1 1 1 1 1 1 1 1 1 1 1 20
Case #402: -1
Case #403: 6 2 5 7 7 9 11
Case #404: 8 1 1 1 1 1 1 1 34
Case #405: 6 1 1 2 9 13 15
Case #406: -1
Case #407: 7 2 4 6 6 7 7 9
Case #408: 7 2 5 6 6 6 8 8
Case #409: 8 2 3 5 5 5 5 7 9
Case #410: -1
Case #411: 6 2 6 7 8 9 9
Case #412: -1
Case #413: 4 2 9 12 18
Case #414: -1
Case #415: 6 3 4 6 8 10 10
Case #416: 7 3 4 5 7 7 7 8
Case #417: -1
Case #418: 3 5 6 30
Case #419: 4 2 10 14 15
Case #420: 8 1 1 2 5 5 5 9 13
Case #421: 4 5 8 9 19
Case #422: 6 3 4 8 8 8 10
Case #423: 5 3 8 9 10 11
Case #424: 38 1 1 1 1 1 1 1 1 1 1 1 1 1 1 1 1 1 1 1 1 1 1 1 1 1 1 1 1 1 1 1 1 1 1 1 1 1 4
Case #425: 18 1 1 1 1 1 1 1 1 1 1 1 1 1 1 1 1 2 23
Case #426: 8 2 3 4 4 4 8 8 8
Case #427: 5 2 9 10 10 10
Case #428: -1
Case #429: 8 2 3 3 3 5 5 9 11
Case #430: 4 4 6 11 20
Case #431: 15 1 1 1 1 1 1 1 1 1 1 1 1 1 3 25
Case #432: 4 1 10 15 15
Case #433: 7 2 3 5 5 8 9 9
Case #434: -1
Case #435: 6 1 1 1 2 17 19
Case #436: 5 1 4 9 13 14
Case #437: 6 1 5 5 9 10 11
Case #438: 4 3 4 16 18
Case #439: 7 2 5 5 6 6 8 9
Case #440: 4 1 3 10 27
Case #441: 6 2 3 6 8 11 11
Case #442: 10 3 3 3 3 3 3 5 6 6 6
Case #443: 6 1 2 5 7 9 17
Case #444: -1
Case #445: 5 5 8 9 9 10
Case #446: 7 1 1 1 5 9 9 15
Case #447: 8 2 5 5 5 5 5 6 8
Case #448: 6 1 2 5 9 9 15
Case #449: -1
Case #450: -1
Case #451: 7 3 3 5 6 6 9 9
Case #452: 5 1 2 6 16 16
Case #453: 5 3 6 10 10 12
Case #454: 40 1 1 1 1 1 1 1 1 1 1 1 1 1 1 1 1 1 1 1 1 1 1 1 1 1 1 1 1 1 1 1 1 1 1 1 1 1 1 1 2
Case #455: 5 5 7 8 9 12
Case #456: 4 2 7 12 20
Case #457: 6 3 4 6 9 9 10
Case #458: 5 1 1 2 15 22
Case #459: -1
Case #460: 5 3 8 8 11 11
Case #461: 4 3 7 13 18
Case #462: 4 1 11 14 15
Case #463: 4 1 2 14 24
Case #464: 5 1 1 9 9 21
Case #465: 8 2 4 5 5 6 6 6 7
Case #466: 9 2 4 4 4 4 4 5 6 8
Case #467: 5 3 5 8 8 17
Case #468: 7 1 1 1 1 1 1 35
Case #469: 26 1 1 1 1 1 1 1 1 1 1 1 1 1 1 1 1 1 1 1 1 1 1 1 1 1 16
Case #470: 5 1 5 5 10 20
Case #471: -1
Case #472: 9 2 3 4 4 4 5 5 6 8
Case #473: 4 3 5 12 21
Case #474: 4 2 10 13 16
Case #475: 13 1 1 1 1 1 1 1 1 1 1 1 3 27
Case #476: 7 2 3 5 5 5 8 13
Case #477: 4 3 7 10 21
Case #478: 5 2 4 10 10 15
Case #479: 8 2 3 3 5 5 5 9 9
Case #480: -1
Case #481: 8 2 3 4 5 5 6 8 8
Case #482: 5 3 7 7 12 12
Case #483: 6 4 5 5 9 9 9
Case #484: 13 1 1 1 1 1 1 1 1 1 1 1 5 25
Case #485: 6 4 5 8 8 8 8
Case #486: 3 1 10 30
Case #487: 4 3 5 8 25
Case #488: -1
Case #489: 6 3 5 5 7 8 13
Case #490: 5 1 3 8 12 17
Case #491: -1
Case #492: 6 2 5 5 9 10 10
Case #493: 6 3 6 6 7 7 12
Case #494: -1
Case #495: 4 8 9 12 12
Case #496: -1
Case #497: -1
Case #498: 7 2 5 5 6 7 7 9
Case #499: 5 2 6 9 12 12
Case #500: 5 2 5 5 14 15
Case #501: 5 2 9 9 10 11
Case #502: 19 1 1 1 1 1 1 1 1 1 1 1 1 1 1 1 1 1 2 22
Case #503: 5 1 6 7 9 18
Case #504: -1
Case #505: 20 1 1 1 1 1 1 1 1 1 1 1 1 1 1 1 1 1 1 2 21
Case #506: 4 2 9 14 16
Case #507: 7 2 3 6 6 8 8 8
Case #508: 3 6 14 21
Case #509: 5 5 5 7 12 12
Case #510: 8 2 4 5 5 5 6 6 8
Case #511: 3 1 17 23
Case #512: -1
Case #513: 8 3 3 4 5 5 6 6 9
Case #514: -1
Case #515: -1
Case #516: 3 10 15 16
Case #517: 5 1 1 11 14 14
Case #518: -1
Case #519: 6 3 4 4 8 11 11
Case #520: 7 1 1 1 5 5 11 17
Case #521: 7 4 6 6 6 6 6 7
Case #522: 5 1 1 6 16 17
Case #523: 7 3 4 5 5 7 8 9
Case #524: 15 1 1 1 1 1 1 1 1 1 1 1 1 1 1 27
Case #525: 7 3 5 5 6 7 7 8
Case #526: 4 3 3 3 32
Case #527: 5 2 6 8 9 16
Case #528: 4 4 5 16 16
Case #529: 6 2 6 6 8 8 11
Case #530: 7 2 6 6 6 6 7 8
Case #531: 7 4 4 6 6 6 7 8
Case #532: 6 2 3 4 5 8 19
Case #533: 5 2 5 9 10 15
Case #534: 7 4 4 5 6 6 8 8
Case #535: 5 2 4 7 12 16
Case #536: 4 3 5 13 20
Case #537: 7 3 5 5 5 5 8 10
Case #538: 6 6 6 6 6 6 11
Case #539: 5 1 7 10 10 13
Case #540: 7 3 4 5 5 5 9 10
Case #541: 6 1 1 5 5 13 16
Case #542: 6 3 5 6 8 8 11
Case #543: -1
Case #544: 6 1 2 7 10 10 11
Case #545: 6 3 4 6 7 8 13
Case #546: 6 2 5 5 7 10 12
Case #547: 4 1 8 12 20
Case #548: 24 1 1 1 1 1 1 1 1 1 1 1 1 1 1 1 1 1 1 1 1 1 1 1 18
Case #549: 4 2 3 4 32
Case #550: 6 1 3 7 7 7 16
Case #551: 7 4 5 5 6 6 6 9
Case #552: 5 2 7 7 12 13
Case #553: 19 1 1 1 1 1 1 1 1 1 1 1 1 1 1 1 1 1 7 17
Case #554: 7 5 5 6 6 6 6 7
Case #555: 5 2 5 9 12 13
Case #556: 6 2 4 6 9 9 11
Case #557: 29 1 1 1 1 1 1 1 1 1 1 1 1 1 1 1 1 1 1 1 1 1 1 1 1 1 1 1 7 7
Case #558: 5 3 7 7 8 16
Case #559: 6 1 2 7 7 8 16
Case #560: 6 2 6 6 7 8 12
Case #561: 19 1 1 1 1 1 1 1 1 1 1 1 1 1 1 1 1 1 4 20
Case #562: 4 2 6 16 17
Case #563: 8 3 4 4 5 5 6 6 8
Case #564: 4 2 7 8 24
Case #565: 6 2 4 6 8 9 12
Case #566: 5 1 3 6 8 23
Case #567: 5 6 7 8 8 12
Case #568: 4 2 9 10 20
Case #569: -1
Case #570: 7 2 3 4 4 7 8 13
Case #571: 6 5 5 6 7 9 9
Case #572: 25 1 1 1 1 1 1 1 1 1 1 1 1 1 1 1 1 1 1 1 1 1 1 1 1 17
Case #573: -1
Case #574: -1
Case #575: -1
Case #576: 8 2 4 5 6 6 6 6 6
Case #577: 4 5 10 11 15
Case #578: 10 2 3 3 3 3 3 3 6 6 9
Case #579: -1
Case #580: 4 5 9 11 16
Case #581: 19 1 1 1 1 1 1 1 1 1 1 1 1 1 1 1 1 1 1 23
Case #582: 17 1 1 1 1 1 1 1 1 1 1 1 1 1 1 1 1 25
Case #583: 6 3 4 5 8 10 11
Case #584: -1
Case #585: -1
Case #586: 6 1 4 8 8 10 10
Case #587: 6 5 5 6 7 8 10
Case #588: 2 20 21
Case #589: -1
Case #590: 5 3 4 8 9 17
Case #591: 8 2 3 3 5 6 6 7 9
Case #592: 4 4 8 14 15
Case #593: 8 2 3 3 3 6 6 9 9
Case #594: 8 1 1 1 1 1 3 16 17
Case #595: 23 1 1 1 1 1 1 1 1 1 1 1 1 1 1 1 1 1 1 1 1 1 3 17
Case #596: 7 1 1 1 1 1 3 33
Case #597: 4 7 10 10 14
Case #598: 16 1 1 1 1 1 1 1 1 1 1 1 1 1 1 4 23
Case #599: -1
Case #600: 8 1 2 5 5 5 5 9 9
Case #601: 7 3 4 6 6 7 7 8
Case #602: 5 3 4 8 13 13
Case #603: 6 2 3 5 8 10 13
Case #604: 4 1 1 5 34
Case #605: 8 3 4 4 4 6 6 6 8
Case #606: -1
Case #607: 4 1 1 2 37
Case #608: -1
Case #609: 4 1 3 7 30
Case #610: 7 3 4 5 5 8 8 8
Case #611: -1
Case #612: 4 3 11 12 15
Case #613: 6 2 7 8 8 8 8
Case #614: 27 1 1 1 1 1 1 1 1 1 1 1 1 1 1 1 1 1 1 1 1 1 1 1 1 1 1 15
Case #615: 4 4 10 11 16
Case #616: 41 1 1 1 1 1 1 1 1 1 1 1 1 1 1 1 1 1 1 1 1 1 1 1 1 1 1 1 1 1 1 1 1 1 1 1 1 1 1 1 1 1
Case #617: -1
Case #618: 3 11 12 18
Case #619: 5 3 6 6 9 17
Case #620: 6 1 2 5 5 9 19
Case #621: -1
Case #622: -1
Case #623: 3 10 13 18
Case #624: 6 3 5 6 8 9 10
Case #625: 3 7 16 18
Case #626: 7 2 3 4 5 8 8 11
Case #627: 7 3 4 5 6 6 6 11
Case #628: 3 2 9 30
Case #629: 6 2 5 7 7 8 12
Case #630: 7 2 3 5 6 6 6 13
Case #631: -1
Case #632: 5 1 2 9 11 18
Case #633: 6 3 3 5 5 12 13
Case #634: 4 10 10 10 11
Case #635: 6 2 3 8 8 9 11
Case #636: 13 1 1 1 1 1 1 1 1 1 1 1 1 29
Case #637: 6 5 6 6 7 8 9
Case #638: 6 2 3 7 8 8 13
Case #639: 10 1 1 1 1 1 1 1 1 2 31
Case #640: 16 1 1 1 1 1 1 1 1 1 1 1 1 1 1 1 26
Case #641: 5 4 6 9 10 12
Case #642: 5 1 6 9 11 14
Case #643: 4 1 7 15 18
Case #644: -1
Case #645: -1
Case #646: 4 5 6 15 15
Case #647: 8 1 1 1 1 1 1 2 33
Case #648: 5 3 8 8 9 13
Case #649: 5 1 3 7 8 22
Case #650: 6 3 5 5 7 9 12
Case #651: 5 2 4 9 9 17
Case #652: -1
Case #653: 8 2 4 4 5 5 5 8 8
Case #654: 7 2 3 5 5 8 8 10
Case #655: 8 2 3 5 5 6 6 6 8
Case #656: 23 1 1 1 1 1 1 1 1 1 1 1 1 1 1 1 1 1 1 1 1 1 1 19
Case #657: 6 1 3 6 8 11 12
Case #658: -1
Case #659: 7 1 1 1 3 5 15 15
Case #660: 21 1 1 1 1 1 1 1 1 1 1 1 1 1 1 1 1 1 1 1 11 11
Case #661: 6 4 5 6 7 9 10
Case #662: 6 2 5 7 9 9 9
Case #663: -1
Case #664: 6 3 6 7 7 8 10
Case #665: 6 2 5 7 7 10 10
Case #666: 4 4 9 10 18
Case #667: 6 2 6 7 8 8 10
Case #668: -1
Case #669: 5 2 6 8 8 17
Case #670: 4 1 4 11 25
Case #671: 8 2 4 4 5 5 6 7 8
Case #672: -1
Case #673: 7 2 3 5 5 6 9 11
Case #674: 6 3 5 5 8 9 11
Case #675: 5 6 8 8 8 11
Case #676: 5 2 4 9 12 14
Case #677: 7 5 5 5 5 6 6 9
Case #678: 6 3 6 6 6 9 11
Case #679: -1
Case #680: 7 3 4 6 6 6 8 8
Case #681: 7 2 4 5 5 8 8 9
Case #682: -1
Case #683: 6 3 4 5 9 10 10
Case #684: 5 3 7 10 10 11
Case #685: 6 2 4 6 9 10 10
Case #686: 7 3 3 3 6 6 9 11
Case #687: 3 9 14 18
Case #688: 5 6 7 9 9 10
Case #689: 6 2 3 4 7 8 17
Case #690: 5 6 6 9 9 11
Case #691: 7 2 4 5 7 7 7 9
Case #692: 11 1 1 1 1 1 1 1 1 1 4 28
Case #693: 8 1 1 3 7 7 7 7 8
Case #694: 7 3 4 6 6 6 7 9
Case #695: -1
Case #696: 7 3 5 5 5 7 8 8
Case #697: 9 3 3 3 3 3 5 6 6 9
Case #698: 9 1 1 1 1 1 1 3 5 27
Case #699: 18 1 1 1 1 1 1 1 1 1 1 1 1 1 1 1 1 1 24
Case #700: 17 1 1 1 1 1 1 1 1 1 1 1 1 1 1 1 2 24
Case #701: -1
Case #702: -1
Case #703: 8 4 4 4 5 6 6 6 6
Case #704: 5 1 10 10 10 10
Case #705: 4 7 7 9 18
Case #706: 5 2 5 8 12 14
Case #707: 4 2 6 13 20
Case #708: 4 6 10 10 15
Case #709: 8 2 3 4 5 5 7 7 8
Case #710: 4 3 6 11 21
Case #711: 4 3 7 15 16
Case #712: -1
Case #713: 4 1 1 1 38
Case #714: 4 2 6 12 21
Case #715: 6 5 6 7 7 8 8
Case #716: 5 6 7 8 10 10
Case #717: 5 4 7 7 9 14
Case #718: -1
Case #719: 6 3 4 6 6 9 13
Case #720: 9 4 4 4 4 4 4 4 5 8
Case #721: 7 1 1 1 1 2 9 26
Case #722: 6 2 4 5 8 9 13
Case #723: 11 1 4 4 4 4 4 4 4 4 4 4
Case #724: 3 7 7 27
Case #725: 6 3 3 5 9 9 12
Case #726: 6 2 6 8 8 8 9
Case #727: 5 2 6 7 12 14
Case #728: 8 3 4 4 4 5 5 8 8
Case #729: -1
Case #730: -1
Case #731: 11 1 1 1 1 1 1 1 1 1 1 31
Case #732: 5 3 8 8 10 12
Case #733: 6 3 3 5 7 11 12
Case #734: -1
Case #735: 13 1 1 1 1 1 1 1 1 1 1 7 11 13
Case #736: 6 4 5 5 8 8 11
Case #737: 4 2 6 9 24
Case #738: 5 2 6 6 9 18
Case #739: 5 2 5 9 9 16
Case #740: 4 1 6 7 27
Case #741: 5 1 5 5 15 15
Case #742: 6 6 6 6 7 8 8
Case #743: 5 3 4 7 8 19
Case #744: 4 6 6 11 18
Case #745: -1
Case #746: 8 2 3 4 4 6 7 7 8
Case #747: 8 1 1 1 1 1 2 13 21
Case #748: 11 1 1 1 1 1 1 1 1 1 5 27
Case #749: 6 1 3 5 9 10 13
Case #750: 3 7 10 24
Case #751: 6 2 5 8 8 9 9
Case #752: 5 3 5 8 11 14
Case #753: 4 5 12 12 12
Case #754: 7 2 4 5 5 7 8 10
Case #755: 5 5 8 8 9 11
Case #756: 32 1 1 1 1 1 1 1 1 1 1 1 1 1 1 1 1 1 1 1 1 1 1 1 1 1 1 1 1 1 1 1 10
Case #757: 7 4 4 4 6 7 8 8
Case #758: -1
Case #759: 21 1 1 1 1 1 1 1 1 1 1 1 1 1 1 1 1 1 1 1 3 19
Case #760: -1
Case #761: -1
Case #762: 4 1 10 10 20
Case #763: 6 5 5 6 8 8 9
Case #764: 5 1 4 5 13 18
Case #765: 33 1 1 1 1 1 1 1 1 1 1 1 1 1 1 1 1 1 1 1 1 1 1 1 1 1 1 1 1 1 1 1 1 9
Case #766: 6 2 5 7 8 8 11
Case #767: 6 1 1 1 3 11 24
Case #768: -1
Case #769: -1
Case #770: 6 4 6 6 8 8 9
Case #771: 29 1 1 1 1 1 1 1 1 1 1 1 1 1 1 1 1 1 1 1 1 1 1 1 1 1 1 1 1 13
Case #772: 5 1 1 1 19 19
Case #773: 5 4 4 7 10 16
Case #774: -1
Case #775: 7 2 5 5 5 6 8 10
Case #776: 8 3 4 4 6 6 6 6 6
Case #777: 9 1 1 1 1 1 1 1 2 32
Case #778: 5 2 3 8 11 17
Case #779: -1
Case #780: 3 7 14 20
Case #781: 5 2 7 9 10 13
Case #782: 8 2 3 4 6 6 6 6 8
Case #783: -1
Case #784: 4 6 8 11 16
Case #785: 9 3 3 4 4 4 5 6 6 6
Case #786: -1
Case #787: 6 2 4 6 7 10 12
Case #788: 7 2 4 5 6 6 9 9
Case #789: -1
Case #790: 8 2 3 3 5 5 7 7 9
Case #791: 8 4 4 5 5 5 6 6 6
Case #792: -1
Case #793: 5 2 3 8 9 19
Case #794: 6 2 3 5 9 9 13
Case #795: 6 1 1 3 9 9 18
Case #796: 6 3 5 7 7 7 12
Case #797: -1
Case #798: 17 1 1 1 1 1 1 1 1 1 1 1 1 1 1 1 4 22
Case #799: 6 1 2 4 8 10 16
Case #800: 7 4 5 6 6 6 7 7
Case #801: 5 3 5 6 8 19
Case #802: 6 1 1 3 8 11 17
Case #803: 6 3 5 6 9 9 9
Case #804: 3 6 10 25
Case #805: -1
Case #806: 7 1 4 4 8 8 8 8
Case #807: 6 2 5 7 8 9 10
Case #808: 7 1 1 1 1 3 7 27
Case #809: 9 1 1 1 1 1 1 1 7 27
Case #810: 4 6 8 8 19
Case #811: 5 2 5 10 12 12
Case #812: 6 4 4 6 8 8 11
Case #813: 39 1 1 1 1 1 1 1 1 1 1 1 1 1 1 1 1 1 1 1 1 1 1 1 1 1 1 1 1 1 1 1 1 1 1 1 1 1 1 3
Case #814: -1
Case #815: 5 2 6 9 10 14
Case #816: 6 1 2 5 9 11 13
Case #817: 2 1 40
Case #818: 3 6 11 24
Case #819: 9 3 3 3 3 5 6 6 6 6
Case #820: 6 1 4 8 8 8 12
Case #821: 7 2 3 6 7 7 8 8
Case #822: 6 5 5 6 6 8 11
Case #823: -1
Case #824: -1
Case #825: 7 2 3 5 5 7 9 10
Case #826: 3 3 6 32
Case #827: 7 1 1 1 1 1 17 19
Case #828: -1
Case #829: 7 5 5 5 6 6 6 8
Case #830: 7 5 5 5 5 5 8 8
Case #831: 6 3 6 6 7 8 11
Case #832: -1
Case #833: 5 3 8 8 8 14
Case #834: 4 4 9 14 14
Case #835: 5 7 7 7 10 10
Case #836: 5 3 6 8 8 16
Case #837: -1
Case #838: -1
Case #839: 8 2 5 5 5 5 5 5 9
Case #840: 5 5 7 9 10 10
Case #841: -1
Case #842: 3 12 14 15
Case #843: 8 3 5 5 5 5 6 6 6
Case #844: 3 9 16 16
Case #845: 6 3 5 7 7 8 11
Case #846: 5 5 8 8 8 12
Case #847: -1
Case #848: 5 4 7 8 10 12
Case #849: 5 2 7 8 10 14
Case #850: 7 4 5 5 6 6 7 8
Case #851: 4 3 8 13 17
Case #852: 4 8 8 10 15
Case #853: 7 3 4 5 5 6 8 10
Case #854: 4 1 4 15 21
Case #855: 6 2 5 6 7 8 13
Case #856: 6 1 1 4 5 14 16
Case #857: 6 1 2 6 8 8 16
Case #858: 4 2 12 12 15
Case #859: 7 2 3 6 6 6 9 9
Case #860: 13 1 1 1 1 1 1 1 1 1 1 1 4 26
Case #861: 4 1 7 16 17
Case #862: 9 2 3 3 3 5 5 5 6 9
Case #863: 6 1 1 4 5 10 20
Case #864: 8 3 4 5 5 5 5 6 8
Case #865: 3 6 16 19
Case #866: 6 2 4 8 8 9 10
Case #867: 3 2 14 25
Case #868: -1
Case #869: -1
Case #870: -1
Case #871: 9 2 3 4 4 4 4 6 6 8
Case #872: 5 4 8 9 10 10
Case #873: 3 1 3 37
Case #874: 4 2 10 11 18
Case #875: 7 2 3 5 6 7 9 9
Case #876: 6 3 4 7 8 8 11
Case #877: 6 4 5 7 8 8 9
Case #878: 3 2 3 36
Case #879: 7 3 4 5 6 7 8 8
Case #880: 7 2 3 4 8 8 8 8
Case #881: 7 4 4 5 5 7 8 8
Case #882: 4 6 11 12 12
Case #883: 3 5 17 19
Case #884: 6 3 4 6 8 9 11
Case #885: 5 1 1 3 17 19
Case #886: 5 3 5 9 12 12
Case #887: 6 2 3 5 5 9 17
Case #888: 35 1 1 1 1 1 1 1 1 1 1 1 1 1 1 1 1 1 1 1 1 1 1 1 1 1 1 1 1 1 1 1 1 1 1 7
Case #889: -1
Case #890: 7 2 3 5 7 8 8 8
Case #891: 6 3 5 7 8 8 10
Case #892: -1
Case #893: -1
Case #894: 7 3 4 4 4 7 8 11
Case #895: 8 2 3 4 4 6 6 8 8
Case #896: 3 5 18 18
Case #897: 6 2 6 7 7 9 10
Case #898: 8 3 3 5 6 6 6 6 6
Case #899: -1
Case #900: 5 2 7 9 9 14
Case #901: 7 3 5 5 5 6 8 9
Case #902: 8 1 1 1 1 1 1 4 31
Case #903: 6 2 5 5 5 9 15
Case #904: -1
Case #905: -1
Case #906: 7 2 5 6 6 7 7 8
Case #907: -1
Case #908: -1
Case #909: 3 4 5 32
Case #910: -1
Case #911: 7 1 1 1 1 1 2 34
Case #912: -1
Case #913: -1
Case #914: 14 1 1 1 1 1 1 1 1 1 1 1 1 2 27
Case #915: 37 1 1 1 1 1 1 1 1 1 1 1 1 1 1 1 1 1 1 1 1 1 1 1 1 1 1 1 1 1 1 1 1 1 1 1 1 5
Case #916: -1
Case #917: 4 2 11 14 14
Case #918: -1
Case #919: -1
Case #920: 5 2 3 9 9 18
Case #921: -1
Case #922: 6 2 4 7 9 9 10
Case #923: 5 3 4 9 10 15
Case #924: -1
Case #925: 8 2 4 4 4 5 6 8 8
Case #926: 4 4 6 9 22
Case #927: -1
Case #928: 8 2 3 3 3 3 5 9 13
Case #929: 5 1 4 10 11 15
Case #930: 4 3 6 14 18
Case #931: 4 3 3 16 19
Case #932: -1
Case #933: 16 1 1 1 1 1 1 1 1 1 1 1 1 1 1 2 25
Case #934: 3 6 15 20
Case #935: 5 4 7 7 7 16
Case #936: 3 3 14 24
Case #937: 6 2 6 6 9 9 9
Case #938: 4 8 8 9 16
Case #939: 5 1 3 8 10 19
Case #940: 36 1 1 1 1 1 1 1 1 1 1 1 1 1 1 1 1 1 1 1 1 1 1 1 1 1 1 1 1 1 1 1 1 1 1 1 6
Case #941: -1
Case #942: -1
Case #943: -1
Case #944: 6 3 5 7 8 9 9
Case #945: 6 3 4 5 8 8 13
Case #946: 7 2 4 5 6 8 8 8
Case #947: 25 1 1 1 1 1 1 1 1 1 1 1 1 1 1 1 1 1 1 1 1 1 1 1 5 13
Case #948: 6 1 8 8 8 8 8
Case #949: 25 1 1 1 1 1 1 1 1 1 1 1 1 1 1 1 1 1 1 1 1 1 1 1 3 15
Case #950: 13 1 1 1 1 1 1 1 1 1 1 1 2 28
Case #951: 6 4 6 6 7 9 9
Case #952: 8 3 4 4 4 4 7 7 8
Case #953: 6 4 5 6 6 9 11
Case #954: -1
Case #955: -1
Case #956: -1
Case #957: 7 2 4 6 6 7 8 8
Case #958: 7 2 4 4 7 8 8 8
Case #959: 8 2 3 5 5 5 5 8 8
Case #960: 3 5 9 27
