960
103680
124416
64512
998506315
10560
2730
105000
11
340200
84
207360
72576
72
44928
31104
27000
90
39600
486000
665
93
23115571
21
7200
82268566
108
5184
466560
100800
22
150528
5400
614400
7500
29120
346742385
42105
86016
11232
2352
1520
67500
76032
2431
252000
2618049
4655
279936
786432
95256
110250
14
998244353
48000
32000
33696
40950
621008
2880
147456
43
519
116
89600
29484
7560
6930
186624
69120
24300
3509575
14336
967669583
38400
27184698
17424
24192
8424
2640
36864
324000
37
8960
48600
22500
5073
30
108000
35640
1386
7290
430080
40960
552960
16800
36
34111
696
155520
17136
63180
7680
17280
10260
3645
49896
2560
1056
518400
1600
926315427
13860
62208
63000
181440
396
8
28
473
34560
49500
441
215040
75264
999999937
163840
180
459270
20160
546750
42755209
54880
33401221
73728
115248
105600
2600
5346
71805
1530
23328
409342369
954158175
957262828
70235461
76
41600
87480
23400
70200
32805
93312
44800
118263990
725573
5361
1848
58800
20328
9180
29160
294912
15840
362880
1440
18720
4788
47628
2070
92160
168960
47
524288
99840
25002
37800
78750
42336
95
160
457481
76800
9240
4800
142884
11340
322560
5376
132000
60480
12800
4608
72000
3168
288
7785
5600
136080
92400
87
5767201
58
31752
24000
20480
6400
4704
4725
243000
393216
125440
134400
5520
5616
244944
83160
8064
2160
29700
50000
336000
91
12240
123
96
35280
2200
85
100696425
1728
5824
270000
28000
63
78
69984
49392
4173641
1512
2720
20736
262440
95040
9450
375000
27720
22176
28080
26460
10080
30030
115
368640
653477439
180000
6300
117
170100
2430
19656
105
8400
28512
36283838
83
99000
21870
128000
91857
120
224
19200
8624
20592
276480
9900
13230
81000
60000
21000
38880
388800
27456
52
22680
14560
3528
448
84579
813
14700
5760
536870912
28672
5044
314928
16128
145800
3240
697106497
127
108864
126
118800
583200
44550
174960
2906162
7390
60
27216
5250
7897861
912
128
241920
8000
110
42120
641
7776
15750
633
986129769
88704
70000
9408
32670
2025
209952
192
66150
105840
86
4620
233280
257
5808
20000
39936
961175759
12672
2707
121500
49152
13122
40824
11264
480000
139968
504
70
69
1836
192000
8100
306180
10800
98415
24480
17640
101
2940
408240
85712697
3584
1944
699840
33
21384
77
3864
74088
21840
56448
16000
8772
55
19800
4050
8372259
32640
32
98
56160
74880
8320
102
589833267
29952
482421315
782
29400
2100
12348
7392
126720
989447237
77760
118
20
47958485
48510
34
3510
113
127008
138240
236250
3157819
54432
109
3888
7389
57600
164640
21383
900
4200
29250
6840
61440
23760
4
46
196608
18000
964532929
133650
5280
75
2250
97200
625433749
646
6552
24750
3456
129600
810
34848
787320
10710
2403381
32400
6075
300000
12150
193
64922375
131220
3072
21600
2
30240
3360
58320
660
8087519
23232
4914
2310
672
1701
302400
491520
16320
35
16
5000
85881
460800
3780
4160
81
78000
4410
12000
182250
4539685
230400
21168
72900
125
81920
300
3000
922505446
54600
4896
97
45000
63504
71
10368
106
981028563
132300
15552
10500
17820
44
6804
501
42
4032
110592
1764
25200
288000
391
53940
291600
9489
7025
2400
2156
282791
46464
4675
217728
1632
151200
27
176400
864
13824
5120
50688
145152
193536
18240
13500
184320
10752
3900
150000
85536
9100
135000
5200
63360
129
15400
52416
42000
1920
18
768
16464
194400
15288
119
226800
14040
42768
49
18816
12544
48384
80
3264
345600
2688
41472
3312
32256
3600
226151256
69888
85050
17
80949857
916855204
6399199
311040
8250
472392
9827
7920
23
25
52800
987
1249
25600
84000
420
4733
14688
204120
6720
157464
816
51
99
9800
92
476014
101250
169344
16224
31200
170
331776
983900459
74
9409159
630
153600
35503
5940
57344
15
7040
1
1000000000
2376
16524
8550
1001604
395
2340
64800
2016
84480
142560
540
47040
84240
30973
3564
35100
11000
38016
29
90720
34944
62
26
25920
8316
1890
8347
122877509
6750
66
22464
3696
56700
11016
6765
256000
96000
259200
19
19008
214573
3375
121
75600
51030
58054077
70560
49000
6480
53760
432255
13056
1100
268800
281
89100
59400
33792
12096
202500
64152
949106497
165888
115200
1671
54000
23100
43200
96228
2268
34020
22848
32076
123480
112
57624
163296
805306368
168000
393660
405
24
48
67893369
92317161
414720
10000
7938
13440
3120
9000
235200
4158
5040
999999998
38
3024
94080
33600
24696
5721
50544
655360
468
37440
1048576
1323
43740
55296
14112
307200
8660
1000000
31
23040
41580
2097152
1001
70400
2592
11664
12960
1134
5625
96768
12768
7128
5297
225792
546
135
17550
1680
51840
18480
8640
112000
31680
10
172032
73
57
900360029
1741
2000
86400
4680
9
49280
792
1817
322081025
82944
13
361
17920
5657
120000
373248
64
8976
79
1960
16380
248832
103
8448
622080
6541551
40320
116640
61966
198450
432000
934
8208
31590
4374
61740
8826131
88
10240
211680
13680
4488
65610
1500
131
65536
50400
567
189
7296
14400
67584
3
510205
15120
12870
40
1584
524880
24576
112896
79200
194241
38497
94500
576
323
53
216000
200000
66528
131980
21504
7056
34300
18432
94
59
281250
31500
25490988
2520
405000
2304
64680
30720
11085765
26880
15680
201600
5304
9600
144000
1260
43680
4480
12288
4320
104976
104
1904
364500
4000
360000
1824
46080
700
587234
8015864
3371
442368
28800
111
3960
102060
59136
80640
216
161280
98304
179200
9504
1615
57024
969
19440
22950
7
746803744
107520
67200
33108
67
118272
221184
1620
52920
349920
559
15876
162000
124
33750
4943
89
141120
9425
122
640
79548
68
474
107
54
5
6037
4312
48238
994617
8748
999999999
45360
16200
362
245760
4752
517759
94770
6600
4536
2736
7455307
50
1800
21952
1008
52488
9216
4560
6
904152917
688978813
673921
68040
49920
122880
65
32768
45
56
81648
301056
71280
5601
938017885
47473
129024
114688
240000
1215
