100
2 95
2 1
2 50
755 11
355 11
779 34
1000 5
295 30
500 44
555 27
279 28
1000 1
582 60
115 64
245 99
169 55
397 40
2 96
915 30
758 85
793 69
320 75
494 92
372 41
977 44
362 76
875 93
924 39
2 97
748 77
81 39
2 2
439 40
387 98
950 71
871 75
835 62
580 93
1000 4
1000 95
950 95
132 90
656 95
428 98
13 37
67 45
1000 99
824 54
1000 96
373 46
3 10
642 34
289 65
838 46
837 81
551 71
2 4
108 30
254 30
125 51
885 57
270 26
312 23
226 22
2 3
252 96
492 12
1000 98
29 97
958 86
906 56
918 38
451 5
808 71
839 51
398 61
758 81
317 36
712 1
440 28
446 2
1000 3
2 99
171 6
959 86
635 54
30 46
537 11
424 35
2 5
728 33
716 10
413 35
177 61
289 48
1000 2
1000 97
492 78
740 92
2 98
