867 2000
238 347
54 33
456 823
255 823
53 266
390 48
627 442
199 750
859 735
638 345
260 340
416 713
506 132
504 163
798 200
819 822
707 54
524 156
539 712
663 774
274 716
186 549
865 375
601 698
104 165
379 372
776 212
641 168
426 23
450 753
375 68
383 588
486 646
18 459
33 19
807 428
88 484
475 805
726 812
266 113
812 191
686 757
302 256
712 534
118 272
112 376
331 530
623 839
206 749
582 757
421 636
856 130
230 704
443 290
772 179
678 683
347 550
83 520
665 742
20 607
127 296
821 701
108 586
160 141
653 22
803 482
350 796
775 853
349 420
529 149
278 37
567 288
699 783
814 197
838 588
415 595
547 846
533 227
36 714
319 340
647 152
233 805
31 375
808 168
72 639
762 761
612 479
35 310
323 738
84 200
216 235
701 465
582 57
528 348
532 682
24 462
134 545
691 840
49 808
116 825
125 554
207 324
780 578
689 726
42 616
627 366
41 154
107 747
343 767
436 772
211 504
443 281
860 278
11 47
338 276
455 530
597 588
572 217
541 826
543 782
234 774
659 456
807 368
794 177
175 5
784 660
7 728
230 225
362 509
774 459
284 9
774 107
486 404
289 848
574 718
720 123
340 521
313 490
678 553
470 365
41 825
218 694
789 708
397 768
843 626
75 752
154 544
600 287
280 410
345 798
151 484
259 649
809 777
159 542
14 259
208 679
292 641
582 7
566 653
18 437
829 155
806 800
855 362
693 707
68 759
852 30
678 61
834 771
766 654
857 741
10 337
355 206
559 607
127 481
296 852
843 423
324 727
586 662
233 125
718 839
370 204
867 95
440 541
441 732
627 162
694 685
616 286
358 609
406 229
127 95
106 360
806 401
520 443
323 123
236 225
695 224
130 811
130 318
399 73
669 733
301 661
581 221
441 169
324 694
733 54
806 58
542 831
797 244
734 196
215 580
466 280
433 448
102 605
371 636
192 146
386 288
166 386
223 693
782 736
173 429
286 22
795 785
408 564
180 753
267 841
354 294
174 769
178 263
765 5
814 11
349 424
325 498
307 154
511 664
44 107
350 833
75 716
182 724
189 564
654 511
39 234
197 462
467 380
155 843
158 324
143 348
184 412
375 364
259 777
90 549
38 552
830 348
690 122
453 492
319 757
389 447
64 3
96 151
626 615
222 561
280 295
789 411
860 546
132 404
659 728
265 701
151 247
690 514
790 229
515 526
441 752
176 453
389 859
109 444
631 333
41 700
653 321
544 207
240 488
27 746
317 501
800 318
295 183
229 771
778 823
336 836
808 679
544 841
108 453
728 148
256 788
553 803
829 159
300 843
17 158
715 830
405 736
25 806
179 370
757 287
75 3
656 81
178 276
251 516
507 746
700 160
52 464
535 7
630 746
662 459
274 787
105 616
569 184
350 429
714 185
606 716
664 493
104 835
846 617
501 819
359 466
697 741
117 728
296 652
855 257
586 208
847 467
370 525
733 851
722 321
656 69
746 19
395 250
183 36
671 578
779 175
797 747
440 225
98 781
552 420
124 539
610 666
639 171
234 817
792 630
807 472
589 717
777 725
371 377
1 432
635 153
202 177
35 133
354 679
286 820
371 626
543 328
831 2
573 355
200 443
425 745
60 630
223 681
518 422
317 201
158 496
864 518
751 750
620 643
684 349
803 486
469 198
503 475
420 731
664 745
149 781
780 116
114 834
738 144
598 392
116 2
265 691
77 769
24 848
758 827
396 719
517 845
197 146
195 469
668 79
66 92
583 292
400 558
259 473
818 580
77 789
291 324
496 773
154 342
748 861
279 266
462 703
611 737
547 766
822 66
83 738
650 284
497 216
54 119
522 372
92 687
503 758
769 73
832 742
264 689
309 650
235 405
344 522
794 830
395 256
90 701
759 340
412 512
320 798
186 814
183 72
497 648
537 189
101 198
60 757
670 380
645 10
417 643
459 299
848 705
336 134
630 695
50 173
601 837
581 474
71 658
605 200
62 205
770 650
39 744
449 245
301 644
843 542
483 432
134 860
649 791
709 145
335 460
112 823
52 168
800 210
34 426
132 467
191 173
567 311
441 117
723 852
125 759
56 555
680 517
855 435
7 571
15 41
55 665
643 85
100 362
716 391
393 95
70 846
509 108
576 116
500 493
787 120
571 401
29 320
188 781
694 754
450 623
630 163
223 849
214 372
119 567
314 90
217 463
427 163
339 456
646 238
392 502
65 838
301 403
361 391
235 215
310 475
436 55
514 630
318 745
511 189
273 532
686 238
64 488
623 471
464 602
81 264
182 354
687 417
310 646
750 270
790 589
255 602
158 371
118 661
717 813
703 501
222 377
827 487
260 530
516 106
478 557
313 361
117 347
672 745
729 356
761 309
36 92
177 733
834 836
359 129
459 461
50 29
37 240
617 16
119 379
756 98
486 372
55 692
817 91
387 542
73 596
336 547
820 145
45 616
88 566
749 197
376 243
358 776
414 474
558 250
762 798
150 856
118 753
253 811
459 792
122 398
706 772
349 314
705 211
652 349
601 533
395 516
615 703
431 854
501 400
179 358
93 456
249 349
422 311
415 330
4 189
501 27
690 69
430 257
728 63
151 713
127 48
779 522
42 203
509 621
729 35
528 864
765 30
470 474
296 381
796 673
555 2
30 64
256 276
590 296
778 719
15 77
421 60
787 841
694 319
599 777
470 859
237 411
834 589
266 578
21 298
527 191
221 716
707 751
284 481
804 110
433 418
736 615
472 825
707 547
425 789
629 137
7 75
127 352
163 143
383 100
527 117
447 550
763 517
860 290
158 818
35 368
137 223
212 154
264 107
633 393
658 654
9 224
365 673
213 378
731 252
566 245
479 760
721 707
401 835
424 814
580 742
792 628
528 725
192 313
281 428
606 249
492 367
228 677
218 13
293 147
281 778
743 26
403 224
182 684
115 528
493 671
52 160
784 667
575 390
820 146
121 565
137 144
19 794
524 822
862 502
630 97
113 484
372 677
571 258
106 61
438 485
300 394
294 467
715 858
775 829
593 787
16 490
805 151
221 211
410 268
776 486
367 266
605 147
555 813
305 87
467 295
139 594
460 295
440 88
791 565
412 255
40 810
727 230
555 743
724 306
369 570
291 125
526 570
4 549
769 675
361 695
793 41
491 130
138 1
274 131
428 26
445 391
658 531
584 295
51 546
107 57
129 373
673 114
821 435
249 475
80 380
119 501
234 657
631 254
584 477
831 12
572 329
210 86
619 760
322 426
370 462
491 63
98 648
575 461
126 550
296 146
486 866
642 8
800 511
850 24
115 856
252 91
485 394
349 828
495 279
123 256
171 317
385 55
765 219
326 718
642 4
774 308
438 550
151 860
107 661
663 662
339 307
605 32
607 693
817 376
800 623
469 708
858 428
91 692
807 258
731 194
126 456
835 24
193 541
352 383
36 650
469 697
197 117
799 802
577 515
66 1
418 721
667 48
281 552
33 138
324 192
157 3
573 185
93 149
845 812
820 547
149 393
663 535
529 261
122 773
706 454
467 629
464 349
649 386
298 289
841 552
359 231
278 397
314 725
15 177
400 746
304 609
509 409
28 196
446 58
137 511
48 188
859 97
621 789
679 717
707 616
6 572
528 107
125 768
172 125
714 560
460 613
834 428
141 718
716 277
532 697
664 417
140 85
758 464
353 505
275 280
351 21
349 274
483 489
112 261
593 72
12 277
357 336
549 162
771 841
194 566
822 782
750 75
252 41
68 722
160 276
108 637
162 667
207 867
648 634
314 7
765 401
564 105
136 49
404 77
417 505
759 266
495 510
7 791
172 281
625 419
110 572
548 64
554 865
106 501
296 703
407 159
89 672
327 637
502 608
357 364
817 86
656 596
716 710
842 7
624 821
426 543
353 295
797 212
856 170
844 92
732 450
228 810
848 537
474 706
380 237
810 138
687 281
77 260
163 122
648 457
653 854
407 779
415 294
476 508
288 98
745 144
510 249
842 1
430 474
431 10
172 186
499 236
710 807
233 391
308 462
409 396
23 849
612 163
156 838
716 549
802 427
604 123
441 422
452 479
190 608
297 512
739 197
274 393
264 822
342 147
657 741
476 482
625 274
837 411
7 374
158 617
352 781
364 759
148 113
340 708
183 812
512 155
834 579
124 220
380 510
58 428
513 565
433 709
840 415
10 300
639 415
734 230
260 188
133 649
299 801
289 655
367 809
743 393
122 792
303 387
120 27
534 836
419 766
45 840
779 307
224 862
601 459
801 112
713 706
379 359
653 581
412 488
811 424
763 22
484 528
600 125
700 554
97 652
412 125
77 449
488 245
273 403
272 327
730 359
315 201
78 191
227 309
129 47
855 309
285 144
193 829
726 636
167 349
196 24
239 521
601 745
63 518
389 33
857 255
647 99
685 482
294 171
525 840
741 37
732 552
48 771
296 58
678 796
333 321
78 11
764 622
579 273
648 467
177 812
34 808
624 633
624 804
171 823
844 650
355 382
557 834
406 544
221 738
562 622
8 279
765 163
490 704
652 354
746 798
459 645
459 53
683 638
489 523
565 711
28 748
245 350
277 804
472 784
418 401
770 707
692 523
191 377
338 364
429 139
313 277
581 630
9 698
459 111
449 792
466 458
254 163
835 629
79 143
815 93
34 370
526 683
354 516
125 138
803 804
312 17
241 834
711 467
300 304
454 448
483 761
135 197
366 455
125 161
831 792
129 15
8 215
526 503
267 834
723 785
549 834
781 679
810 53
588 480
202 651
625 318
690 389
780 544
133 402
129 113
694 295
583 41
457 734
198 33
803 534
614 494
651 522
204 146
24 400
274 276
108 507
271 10
774 610
62 838
604 513
567 99
559 469
836 463
96 405
124 474
783 82
544 407
293 554
602 666
555 259
737 118
721 136
365 790
192 852
562 579
775 496
609 248
650 347
603 777
685 82
82 186
838 73
171 674
787 143
642 848
257 479
227 178
614 447
429 51
67 271
448 105
836 801
243 81
221 540
727 365
28 497
493 703
439 38
113 534
74 195
192 215
797 256
443 701
619 538
506 42
740 600
296 747
60 2
754 568
255 346
86 177
112 860
8 662
713 559
679 262
79 184
327 4
529 815
266 210
863 616
1 599
170 119
682 727
480 551
683 720
722 820
664 51
314 225
27 506
800 866
843 53
551 253
766 657
221 218
810 647
761 650
448 499
476 697
421 66
579 178
517 236
617 417
851 369
605 462
811 359
40 581
727 431
812 570
802 561
224 761
364 262
698 98
155 390
56 523
738 716
671 854
804 417
272 85
823 15
346 53
723 839
284 704
405 808
399 313
451 59
383 773
142 427
549 591
176 667
202 69
295 607
810 575
516 708
172 363
324 705
533 351
805 472
154 421
209 684
186 175
186 436
219 808
525 582
366 305
454 240
626 621
219 298
635 18
403 724
837 533
258 642
469 722
429 133
671 171
802 819
403 541
109 620
92 346
657 662
296 634
515 30
501 178
385 423
603 38
366 704
299 769
234 118
736 614
228 716
177 625
119 550
265 696
454 608
516 364
525 774
705 331
323 325
312 804
522 400
100 683
510 197
103 317
729 232
759 107
89 671
658 404
3 770
409 125
770 753
708 195
639 811
808 666
46 701
550 377
789 864
615 514
466 846
748 251
610 259
92 637
55 516
585 750
851 224
460 624
336 519
15 835
152 533
864 801
485 832
417 629
772 827
857 605
745 285
680 332
206 310
214 352
124 75
566 366
102 619
468 653
102 656
455 333
557 342
422 561
643 428
15 205
795 333
125 826
856 402
229 861
398 470
324 512
457 436
598 149
237 321
192 766
761 857
28 746
155 200
201 191
853 159
223 116
501 398
455 737
574 530
833 735
787 482
100 521
592 771
702 596
683 386
350 351
227 438
689 655
392 562
725 640
71 724
534 329
426 512
414 716
808 558
720 277
471 604
716 469
594 399
358 693
2 515
264 538
504 276
726 447
254 432
503 135
620 125
119 577
95 358
708 794
309 654
216 125
852 306
669 635
94 343
810 215
746 74
603 306
438 526
59 51
135 147
514 850
676 118
611 488
653 830
8 282
281 126
680 616
828 523
419 362
257 865
390 265
292 579
629 526
100 224
131 278
637 420
392 165
624 590
790 811
324 47
337 352
190 159
615 26
621 850
771 634
768 364
759 663
659 136
135 769
521 795
834 558
636 433
799 280
281 33
51 797
47 678
502 818
439 492
71 588
612 660
127 235
620 794
307 73
694 489
176 855
815 745
411 310
246 90
824 650
333 597
485 68
572 142
214 737
763 328
39 60
515 428
238 242
127 130
448 767
306 718
694 809
669 783
531 333
582 367
502 769
24 619
708 618
802 328
349 166
728 566
655 15
770 418
642 343
617 786
70 26
813 848
611 236
591 135
662 259
72 257
15 345
176 16
565 503
639 189
191 382
376 198
471 316
842 246
534 297
103 341
597 811
719 834
308 604
171 630
123 276
630 826
95 226
305 698
230 334
19 29
849 350
297 687
140 603
582 49
831 859
323 308
281 753
245 564
737 461
761 54
219 256
308 151
515 694
148 483
818 808
724 729
292 32
258 733
674 727
745 358
794 856
400 468
286 291
739 503
755 261
116 841
343 217
761 121
306 442
83 261
406 644
499 198
90 164
388 807
14 832
432 324
594 544
213 549
297 828
595 461
341 149
865 354
489 808
509 408
572 245
248 374
293 360
432 802
146 45
511 96
543 725
783 693
860 375
230 804
359 145
91 363
11 678
399 293
710 80
356 389
526 16
321 467
410 381
52 365
623 356
500 849
668 837
291 22
833 71
274 350
787 519
57 824
159 405
156 845
17 41
787 804
234 635
81 628
178 498
827 149
455 351
649 558
800 392
833 283
220 680
747 286
638 307
534 495
648 346
708 839
344 402
328 612
803 110
554 176
225 689
680 275
15 843
614 606
371 101
782 172
694 236
516 241
447 378
514 547
464 137
394 849
284 2
143 244
775 14
76 14
306 679
378 77
92 183
658 408
477 617
218 209
299 170
279 507
664 237
153 515
260 383
587 432
623 664
744 856
47 277
347 768
825 828
760 797
212 769
64 322
849 730
516 130
526 523
421 188
816 622
489 261
648 112
42 200
115 228
292 176
16 753
605 485
731 760
689 610
528 233
581 76
337 760
694 253
330 817
284 67
324 452
691 425
832 41
308 816
64 510
531 80
590 647
555 44
93 434
462 75
366 174
400 688
516 157
543 200
28 282
467 713
711 178
225 360
656 399
114 195
110 65
341 385
856 583
775 318
688 32
379 490
154 177
652 32
204 504
479 812
433 135
350 454
301 803
163 697
641 688
167 652
18 550
236 730
122 322
117 239
338 486
100 22
122 419
146 669
21 597
407 27
841 283
723 792
430 801
817 136
721 505
8 690
129 469
161 358
170 70
736 250
16 359
412 342
261 700
115 855
231 701
181 164
498 75
570 618
787 27
86 381
700 532
17 423
95 461
380 326
70 782
514 57
189 761
536 745
669 777
688 775
117 271
410 28
341 197
664 270
125 721
286 446
21 179
484 241
608 794
378 42
31 705
659 331
451 81
630 158
449 66
112 572
843 519
473 763
238 743
221 358
190 706
854 125
833 30
302 586
91 818
605 157
486 740
223 448
245 720
313 654
588 324
254 632
790 643
111 165
48 787
691 233
384 199
125 398
721 89
317 864
815 28
660 363
706 435
649 88
469 461
190 534
635 699
590 371
10 486
61 195
65 450
837 644
173 289
660 650
222 625
754 11
403 331
595 303
662 73
69 319
42 693
447 30
50 690
835 85
764 678
351 502
200 494
411 781
570 36
718 622
231 246
451 109
416 281
310 643
86 527
42 229
339 639
62 237
763 213
721 850
353 545
808 312
89 839
338 242
790 517
248 537
362 672
794 76
759 679
359 515
592 412
402 288
68 334
427 319
862 291
736 758
737 446
715 384
417 66
145 351
776 806
359 672
169 452
356 846
174 285
715 147
14 355
788 848
193 661
515 475
177 716
273 694
790 316
697 453
680 223
136 531
711 383
376 35
851 564
186 621
155 164
400 839
706 511
486 601
269 778
544 570
2 552
787 184
589 598
232 306
679 788
460 476
511 31
814 283
67 84
86 336
236 322
233 595
621 262
278 736
511 521
423 322
374 22
842 787
788 784
247 136
283 614
820 25
272 46
619 89
552 30
94 500
795 406
306 509
347 510
826 185
621 351
634 253
867 336
536 821
349 796
483 292
556 263
832 392
648 221
651 206
211 330
477 812
283 223
462 388
25 269
217 708
82 738
645 512
806 116
365 661
444 539
817 458
800 714
193 42
530 18
441 619
806 485
733 208
753 384
467 53
538 226
259 294
102 634
702 402
703 518
595 38
235 590
72 39
667 246
707 204
140 649
163 577
754 435
96 186
88 393
278 800
558 246
647 515
304 116
193 835
498 647
191 54
241 714
150 73
189 243
340 154
347 96
425 770
316 191
329 715
598 194
485 692
486 631
226 245
848 865
716 714
760 249
650 702
118 242
86 765
839 333
552 255
350 588
702 617
556 572
216 148
383 727
748 788
282 53
710 215
825 122
101 123
513 50
663 266
487 863
298 273
550 479
128 403
153 274
367 442
397 624
578 730
711 625
24 424
787 203
801 383
411 534
581 760
816 448
263 564
51 813
546 756
831 397
351 785
78 399
209 99
788 187
533 762
536 616
415 736
86 128
377 196
820 243
178 185
420 689
629 536
485 63
94 671
333 302
855 164
470 634
269 122
488 46
829 515
471 783
482 563
648 189
173 497
30 723
818 549
595 610
413 31
343 628
435 266
550 650
220 53
287 460
35 852
579 398
669 823
648 125
335 459
741 216
851 403
867 519
748 603
622 177
260 166
184 468
242 581
366 424
540 268
85 390
27 205
749 215
66 43
382 860
57 180
584 78
537 832
241 718
230 494
280 585
564 420
105 431
865 481
811 432
816 699
832 745
806 315
250 195
718 473
755 278
867
1 0
2 0
3 0
4 0
5 0
6 0
7 0
8 0
9 0
10 0
11 0
12 0
13 0
14 0
15 0
16 0
17 0
18 0
19 0
20 0
21 0
22 0
23 0
24 0
25 0
26 0
27 0
28 0
29 1
30 0
31 0
32 0
33 0
34 0
35 0
36 0
37 0
38 0
39 0
40 0
41 0
42 0
43 0
44 0
45 0
46 0
47 0
48 0
49 0
50 0
51 0
52 0
53 0
54 0
55 0
56 0
57 0
58 0
59 0
60 0
61 0
62 0
63 0
64 0
65 0
66 0
67 0
68 0
69 0
70 0
71 0
72 0
73 0
74 0
75 0
76 0
77 0
78 0
79 0
80 0
81 0
82 0
83 0
84 0
85 0
86 0
87 0
88 0
89 0
90 0
91 0
92 0
93 0
94 0
95 0
96 0
97 0
98 0
99 0
100 0
101 0
102 0
103 0
104 0
105 0
106 0
107 0
108 0
109 0
110 0
111 0
112 0
113 0
114 1
115 0
116 0
117 0
118 0
119 0
120 0
121 0
122 0
123 0
124 0
125 0
126 0
127 0
128 0
129 0
130 0
131 0
132 0
133 0
134 0
135 0
136 0
137 0
138 0
139 0
140 0
141 0
142 0
143 0
144 0
145 0
146 0
147 0
148 0
149 0
150 0
151 0
152 0
153 0
154 0
155 0
156 0
157 0
158 0
159 0
160 0
161 0
162 0
163 0
164 0
165 0
166 0
167 0
168 0
169 0
170 0
171 0
172 0
173 0
174 0
175 0
176 0
177 0
178 0
179 0
180 0
181 0
182 0
183 0
184 0
185 0
186 0
187 0
188 0
189 0
190 0
191 0
192 0
193 0
194 0
195 0
196 0
197 0
198 0
199 0
200 0
201 0
202 0
203 0
204 0
205 0
206 0
207 0
208 0
209 0
210 0
211 0
212 0
213 0
214 0
215 0
216 0
217 0
218 0
219 0
220 0
221 0
222 0
223 0
224 0
225 0
226 0
227 0
228 0
229 0
230 0
231 0
232 0
233 0
234 0
235 0
236 0
237 0
238 0
239 0
240 0
241 0
242 0
243 0
244 0
245 0
246 0
247 0
248 0
249 0
250 0
251 0
252 0
253 0
254 0
255 0
256 0
257 0
258 0
259 0
260 0
261 0
262 0
263 0
264 0
265 0
266 0
267 0
268 0
269 0
270 0
271 0
272 0
273 0
274 0
275 0
276 0
277 0
278 0
279 0
280 0
281 0
282 0
283 0
284 0
285 0
286 0
287 0
288 0
289 0
290 0
291 0
292 0
293 0
294 0
295 0
296 0
297 0
298 0
299 0
300 0
301 0
302 0
303 0
304 0
305 0
306 0
307 0
308 1
309 0
310 0
311 0
312 0
313 0
314 0
315 0
316 0
317 0
318 0
319 0
320 0
321 0
322 0
323 0
324 0
325 0
326 0
327 0
328 0
329 0
330 0
331 1
332 0
333 0
334 0
335 0
336 0
337 0
338 0
339 0
340 0
341 0
342 0
343 0
344 0
345 0
346 0
347 0
348 0
349 0
350 0
351 0
352 0
353 0
354 0
355 0
356 0
357 0
358 0
359 0
360 0
361 0
362 0
363 0
364 0
365 0
366 0
367 0
368 0
369 0
370 0
371 0
372 0
373 0
374 0
375 0
376 0
377 0
378 0
379 0
380 0
381 1
382 0
383 0
384 0
385 0
386 0
387 0
388 0
389 0
390 0
391 0
392 0
393 0
394 0
395 0
396 0
397 0
398 0
399 0
400 0
401 0
402 0
403 0
404 0
405 0
406 0
407 0
408 0
409 0
410 0
411 1
412 0
413 0
414 0
415 0
416 0
417 0
418 0
419 0
420 0
421 0
422 0
423 0
424 0
425 0
426 0
427 0
428 0
429 0
430 0
431 0
432 0
433 0
434 0
435 0
436 0
437 0
438 0
439 0
440 0
441 0
442 0
443 0
444 0
445 0
446 0
447 0
448 0
449 0
450 0
451 0
452 0
453 0
454 0
455 0
456 0
457 0
458 0
459 0
460 0
461 0
462 0
463 0
464 0
465 0
466 0
467 0
468 0
469 0
470 0
471 0
472 0
473 0
474 0
475 0
476 0
477 0
478 0
479 0
480 0
481 0
482 0
483 0
484 0
485 0
486 0
487 0
488 0
489 0
490 0
491 0
492 0
493 0
494 0
495 1
496 0
497 0
498 0
499 0
500 0
501 0
502 0
503 0
504 0
505 0
506 0
507 0
508 0
509 0
510 0
511 0
512 0
513 0
514 0
515 0
516 0
517 0
518 0
519 0
520 0
521 0
522 0
523 0
524 0
525 0
526 0
527 0
528 0
529 0
530 0
531 0
532 0
533 0
534 0
535 0
536 0
537 0
538 0
539 0
540 0
541 0
542 0
543 0
544 0
545 0
546 0
547 0
548 0
549 0
550 0
551 0
552 0
553 0
554 0
555 0
556 0
557 0
558 0
559 0
560 0
561 0
562 0
563 0
564 0
565 0
566 0
567 0
568 0
569 0
570 0
571 0
572 0
573 0
574 0
575 0
576 0
577 0
578 0
579 0
580 0
581 0
582 0
583 0
584 0
585 0
586 0
587 0
588 0
589 0
590 0
591 0
592 0
593 0
594 0
595 0
596 0
597 1
598 0
599 0
600 0
601 0
602 0
603 0
604 0
605 0
606 0
607 0
608 0
609 0
610 0
611 0
612 0
613 0
614 0
615 0
616 0
617 0
618 0
619 0
620 0
621 0
622 0
623 0
624 0
625 0
626 0
627 0
628 0
629 0
630 0
631 0
632 0
633 0
634 0
635 0
636 0
637 0
638 0
639 0
640 0
641 0
642 0
643 0
644 0
645 0
646 0
647 0
648 0
649 0
650 0
651 0
652 0
653 0
654 0
655 0
656 0
657 0
658 0
659 0
660 0
661 0
662 0
663 0
664 0
665 0
666 0
667 0
668 1
669 0
670 0
671 0
672 0
673 0
674 0
675 0
676 0
677 0
678 0
679 0
680 0
681 0
682 0
683 0
684 0
685 0
686 0
687 0
688 0
689 0
690 0
691 0
692 0
693 0
694 0
695 0
696 0
697 0
698 0
699 0
700 0
701 0
702 0
703 0
704 0
705 0
706 0
707 0
708 0
709 0
710 0
711 0
712 0
713 0
714 0
715 0
716 0
717 0
718 0
719 0
720 0
721 0
722 0
723 0
724 0
725 0
726 0
727 0
728 0
729 0
730 0
731 0
732 0
733 0
734 0
735 0
736 0
737 0
738 0
739 0
740 0
741 0
742 0
743 0
744 0
745 0
746 0
747 0
748 0
749 0
750 0
751 0
752 0
753 0
754 0
755 0
756 0
757 1
758 0
759 0
760 0
761 0
762 0
763 0
764 0
765 0
766 0
767 0
768 0
769 0
770 0
771 0
772 0
773 0
774 0
775 0
776 0
777 0
778 0
779 0
780 0
781 0
782 0
783 0
784 0
785 0
786 0
787 0
788 0
789 0
790 0
791 0
792 0
793 0
794 0
795 0
796 0
797 0
798 0
799 0
800 0
801 0
802 0
803 0
804 0
805 0
806 0
807 0
808 0
809 0
810 0
811 0
812 0
813 0
814 0
815 0
816 0
817 0
818 0
819 0
820 0
821 0
822 0
823 0
824 0
825 0
826 0
827 0
828 0
829 0
830 0
831 0
832 0
833 0
834 0
835 0
836 0
837 0
838 0
839 0
840 0
841 0
842 0
843 0
844 0
845 0
846 0
847 0
848 0
849 0
850 0
851 0
852 0
853 0
854 0
855 0
856 0
857 0
858 0
859 0
860 0
861 0
862 0
863 0
864 0
865 0
866 0
867 0
