65
10 13 3337041873753082
26597 37816 4245730305851899
1000000000000 1 1000000000000
6396320710057362 7814230344468181 3183274048075890
74116 111994 1493371909130523
4 4 1760792368134037
74036 112850 549053549625598
3 5 840843200459482
13973 26419 3513626523439425
4 7 6988873275022466
7 12 6439637337963783
314 512 133769420
9545048558841825 6899255672076999 9272818149758853
99838 101928 3638110057611840
314 512 1024
64922 110795 4504704366599950
59617 76399 8216425361382011
259149987802241 6689368820300403 3534721002568495
1 1000000000000 1000000000000
5 8 550103143310362
2 3 1
2 3 5
5 9 2462869142646418
9 9 2395440648063235
4 4 4198590241362000
2 2 9825445613196928
80006 121046 2203488461171151
9 15 5802491041437611
10 13 8689503031950123
5 7 4495587747091262
2 2 5384712727499747
19716 29416 841088842498107
1 1 6044898352400565
1000000000000 1 1
10 17 370045965243845
10 13 11234567890
9 10 9259928947805118
1 1 3771679948420674
48878 70096 1422160026469748
2407 4810 850600912749360
725831654114702 4541733210835335 2742887072719959
8272 10247 5338458442301888
3865717696012301 6136029900710052 3321279115901350
6 9 2903294259185990
8025714536856354 9903000027803061 904922510325972
6 9 497087563
7 7 6977204123379581
60280 106158 382504020903546
7861 11257 5477539912208008
5 1 100
9334 14595 5458585253152592
1 3 100
4 6 2271224666368145
1 1 1000000000000
52245 85277 3528041057867931
3626621529746551 3995165959615617 3319701929960343
10 13 8839845532190096
2 3 9429605562755370
1 1000000000000 1
9 17 7379218941168776
10 10 4042027009034951
4 6 7754441745231444
49127 75508 3693288613316216
2 2 1081292147434158
2 3 2
