500
820459816 1000000000 228363612 2
3 1000000000 1 197472206
999999999 3 999999998 1
19089712 3 3 1
3 1000000000 1 859457977
1000000000 4 1 2
3 1000000000 2 2
100 1000000000 99 3
100 100 1 3
4 100 3 1
999999999 999999999 3 2
4 100 2 3
100 916630865 1 2
4 1000000000 1 3
977912389 734778827 532290378 1
999999999 3 3 2
100 4 99 2
1000000000 748176992 2 3
999999999 489345280 108542079 3
1000000000 1000000000 990110168 2
100 1000000000 14 1
3 1000000000 1 1
1000000000 4 2 3
1000000000 3 999999999 2
999999999 3 132294377 2
999999999 3 3 1
999999999 999999999 999999998 3
999999999 1000000000 488516079 1
100 999999999 99 999999998
999999999 2 3 1
1000000000 4 3 2
4 100 2 99
100 999999999 2 1
4 100 3 56
606735969 100 574575067 9
999999999 999999999 999999998 2
100 999999999 2 3
100 100 3 2
2 590064564 1 410727603
1000000000 999999999 1 2
3 3 2 2
1000000000 100 3 1
100 100 3 1
999999999 100 999999998 99
1000000000 2 592728920 1
100 999999999 99 3
1000000000 889034323 2 585497466
1000000000 999999999 3 1
1000000000 1000000000 1 3
3 100 2 99
4 1000000000 2 1
100 100 2 2
3 982500203 1 839934728
999999999 100 2 3
1000000000 100 1 2
4 4 2 1
671771882 1000000000 458242975 1
713458743 999999999 1 232415301
100 1000000000 2 2
100 999999999 57 187975571
2 1000000000 1 621800414
249097053 100 3 2
100 999999999 99 1
3 100 1 2
4 999999999 3 999999998
999999999 3 1 1
999999999 100 2 11
4 100 2 2
999999999 2 1 1
100 999999999 1 913663288
1000000000 352351844 795508322 1
2 243229745 1 59406209
3 100 1 1
1000000000 100 999999999 2
1000000000 1000000000 2 1
999999999 3 976671636 2
515006471 3 3 2
543390985 2 25843304 1
1000000000 100 2 1
100 351514573 1 3
1000000000 3 198570665 2
1000000000 1000000000 1 2
3 1000000000 1 638408569
1000000000 999999999 999999999 2
630783940 100 3 2
999999999 100 1 92
999999999 1000000000 141127510 2
1000000000 1000000000 1 1
2 999999999 1 3
999999999 100 3 3
100 999999999 3 1
4 292678792 1 2
100 4 84 3
4 1000000000 2 3
999999999 4 999999998 1
999999999 1000000000 999999998 2
699118378 100 371255050 53
100 2 22 1
1000000000 100 3 3
4 3 3 2
1000000000 100 1 99
1000000000 100 999999999 1
999999999 999999999 470395372 2
688697997 456509775 2 1
100 100 99 3
100 999999999 43 2
3 4 2 2
100 2 9 1
755742919 1000000000 2 2
1000000000 1000000000 244626410 3
100 1000000000 2 999999999
3 999999999 1 701097245
999999999 999999999 3 3
1000000000 723284552 647366837 1
1000000000 4 999999999 1
2 4 1 3
914040527 100 1 2
999999999 4 2 2
100 4 99 1
245635459 1000000000 2 2
1000000000 4 2 2
2 100 1 1
100 3 99 2
351511977 1000000000 3 1
2 3 1 2
3 3 2 1
999999999 130079639 121158886 3
4 4 3 3
4 100 2 91
999999999 4 888595089 3
2 100 1 3
400638252 4 3 2
100 1000000000 3 999999999
3 4 1 3
1000000000 1000000000 3 999999999
402854259 831040336 3 3
999999999 1000000000 1 3
576202195 4 1 2
999999999 4 3 3
275678673 999999999 1 1
4 3 2 1
2 611627491 1 2
4 3 1 2
2 4 1 1
690839093 999999999 2 3
999999999 999999999 999999998 999999998
1000000000 743670139 3 3
4 2 1 1
100 4 3 3
4 1000000000 3 3
407111787 999999999 158724311 2
100 999999999 5 3
100 1000000000 99 999999999
1000000000 999999999 999999999 999999998
945684593 999999999 725490874 3
2 999999999 1 2
100 100 1 2
1000000000 1000000000 3 2
999999999 1000000000 3 2
100 999999999 99 2
4 2 3 1
1000000000 999999999 2 756841576
3 999999999 2 1
312920545 1000000000 309279031 2
4 1000000000 2 999999999
999999999 100 1 2
2 43534587 1 1
100 3 2 2
803061495 4 3 3
999999999 1000000000 999999998 3
4 100 2 1
999999999 100 2 2
100 100 3 48
1000000000 999999999 999999999 1
1000000000 4 1 1
1000000000 999999999 90055928 1
1000000000 999999999 2 999999998
999999999 100 1 1
3 100 2 3
999999999 2 999999998 1
999999999 999999999 2 3
201238540 100 49757290 14
100 470997877 1 2
4 100 1 1
999999999 1000000000 3 999999999
804684832 197217720 1 153175513
3 999999999 2 999999998
999999999 1000000000 38408940 1
1000000000 100 999999999 3
100 1000000000 3 1
3 1000000000 2 999999999
3 100 1 3
1000000000 2 3 1
3 999999999 1 1
4 4 3 1
100 100 99 1
1000000000 3 3 2
2 100 1 99
1000000000 1000000000 1 4469475
4 3 1 1
999999999 100 3 1
999999999 999999999 2 1
999999999 388726895 726514352 2
569981406 4 2 2
4 4 1 2
1000000000 2 999999999 1
100 4 1 2
270079655 4 13920983 1
4 100 1 99
100 100 99 99
3 637320062 1 460765579
1000000000 100 2 3
100 999999999 3 2
4 999999999 2 471976874
4 1000000000 2 2
3 100 1 64
880984255 1000000000 1 3
564769898 999999999 3 3
1000000000 2 1 1
1000000000 4 3 3
100 3 1 2
2 999999999 1 235322552
999999999 4 2 1
100 999999999 3 607160337
160776118 100 1 1
100 1000000000 1 2
1000000000 100 3 2
1000000000 1000000000 3 3
475576299 79599546 62711377 1
2 2 1 1
999999999 100 2 1
100 100 2 99
2 100 1 66
999999999 100 999999998 2
2 1000000000 1 3
4 1000000000 3 2
999999999 1000000000 3 3
900930753 3 3 1
100 3 3 1
1000000000 999999999 999999999 3
568263512 100 2 43
3 999999999 1 999999998
1000000000 3 2 1
826551905 100 1 49
422251405 1000000000 332267304 3
100 305987626 2 48247012
4 999999999 2 999999998
1000000000 100 999999999 99
999999999 2 2 1
1000000000 634373833 687984129 3
999999999 1000000000 1 999999999
3 750409238 1 2
100 4 3 2
999999999 100 1 99
4 1000000000 3 1
100 1000000000 3 3
100 100 2 3
1000000000 100 2 27
990898699 2 1 1
1000000000 999999999 1 1
1000000000 84082569 375561153 2
3 3 1 1
4 1000000000 2 812085677
2 1000000000 1 1
999999999 4 999999998 2
999999999 999999999 3 361042743
3 4 1 2
100 2 99 1
4 1000000000 1 1
4 999999999 3 1
1000000000 4 2 1
100 4 99 3
1000000000 100 2 2
100 4 2 3
3 4 2 3
999999999 3 2 1
100 1000000000 2 3
100 999999999 1 999999998
1000000000 3 1 2
4 1000000000 1 809590669
1000000000 999999999 3 3
1000000000 100 1 1
4 999999999 2 2
4 100 3 99
100 999999999 3 3
100 999999999 72 3
100 1000000000 3 2
207868204 1000000000 2 225202610
100 4 3 1
4 625855660 3 1
499812538 999999999 1 1
999999999 999999999 2 2
4 1000000000 2 374349453
999999999 1000000000 999999998 999999999
1000000000 100 1 3
4 999999999 1 344277279
3 1000000000 2 3
4 1000000000 1 999999999
3 999999999 1 3
3 3 1 2
1000000000 999999999 1 3
999999999 3 618585901 2
100 2 1 1
1000000000 4 3 1
999999999 100 2 99
100 999999999 3 999999998
1000000000 3 3 1
999999999 4 3 2
372315310 428364244 1 1
999999999 4 627313199 3
4 100 1 3
1000000000 100 99694839 3
163592637 549432548 2 110629430
3 999999999 2 217585714
100 100 2 1
3 2 2 1
2 4 1 2
1000000000 999999999 2 47219043
779009402 100 3 3
999999999 999999999 2 999999998
999999999 1000000000 2 999999999
4 1000000000 1 2
100 1000000000 1 1
999999999 919338507 247646166 1
1000000000 935367125 2 688653704
1000000000 1000000000 1 999999999
2 999999999 1 1
1000000000 1000000000 3 165697225
999999999 4 1 3
999999999 100 999999998 1
3 1000000000 1 2
1000000000 3 1 1
999999999 999999999 3 999999998
4 21218471 2 2
100 999999999 1 1
100 3 98 2
1000000000 100 2 99
100 39439397 2 35075686
999999999 999999999 999999998 1
3 4 1 1
100 1000000000 99 1
4 3 3 1
100 1000000000 2 1
100 3 99 1
1000000000 1000000000 999999999 1
100 999999999 1 2
100 397986566 65 2
100 4 2 1
1000000000 1000000000 999999999 3
4 4 2 3
1000000000 4 999999999 2
632200338 3 1 2
3 49194494 2 1
999999999 100 3 99
999999999 4 1 2
697757447 999999999 3 614333645
1000000000 1000000000 2 3
100 999999999 2 217038469
100 999999999 1 3
4 999999999 2 1
4 999999999 1 999999998
999999999 100 361399062 76
1000000000 1000000000 999999999 2
4 100 2 71
999999999 1000000000 1 1
999999999 1000000000 3 1
999999999 1000000000 2 3
452792670 1000000000 2 115192647
999999999 153855548 3 2
3 1000000000 2 1
2 999999999 1 999999998
100 999999999 2 999999998
3 1000000000 1 999999999
100 3 3 2
427727826 1000000000 3 1
999999999 100 999999998 3
1000000000 1000000000 245797795 1
4 100 1 2
4 999999999 1 3
999999999 3 2 2
2 1000000000 1 2
999999999 1000000000 2 724564983
1000000000 4 606716047 3
3 1000000000 1 3
992439437 2 2 1
100 100 3 99
999999999 100 3 2
999999999 999999999 3 97982365
3 387806766 2 3
999999999 1000000000 1 2
4 3 2 2
4 999999999 1 1
100 4 2 2
3 100 1 99
135818523 100 127108945 1
3 929445484 2 1
4 142306207 2 3
4 100 3 3
2 100 1 2
100 380837481 37 96807255
999999999 3 999999998 2
66434218 3 2 2
1000000000 3 2 2
1000000000 1000000000 999999999 999999999
1000000000 999999999 2 3
586838884 999999999 2 2
404696558 1000000000 344580310 355699065
100 1000000000 1 999999999
4 911940777 2 39960172
3 4 2 1
999999999 1000000000 999999998 1
365482087 971250614 97597 28576180
57695794 1000000000 17394064 1
999999999 1000000000 3 233117279
100 492122489 3 2
4 999999999 1 2
3 1000000000 2 174737436
1000000000 999999999 3 999999998
1000000000 100 3 99
3 565428755 1 2
999999999 999999999 3 1
999999999 4 1 1
100 999999999 2 2
100 3 1 1
109588419 516866303 95880941 3
241065083 1000000000 1 1
588175668 2 2 1
998645846 2 2 1
100 1000000000 1 3
4 100 3 2
3 999999999 1 2
1000000000 999999999 2 2
1000000000 4 999999999 3
1000000000 100 3 32
1000000000 2 2 1
406955220 100 2 1
999999999 999999999 1 1
4 999999999 2 3
1000000000 1000000000 301408972 2
4 4 2 2
704993648 595827515 1 3
100 100 3 3
4 4 1 3
999999999 234259462 1 104118482
100 1000000000 99 2
4 100 2 31
999999999 4 999999998 3
4 314723735 2 2
1000000000 1000000000 2 999999999
3 100 2 1
999999999 4 3 1
4 2 2 1
999999999 3 1 2
4 999999999 3 2
3 348674172 2 208198940
4 4 3 2
100 2 2 1
999999999 306100163 2 1
1000000000 1000000000 3 1
3 999999999 2 3
349725997 3 3 2
377173489 999999999 3 1
3 2 1 1
4 773392332 2 3
4 1000000000 3 999999999
1000000000 4 1 3
100 4 1 1
100 461180180 3 3
4 308024713 3 2
543383962 764857696 2 41522173
4 4 1 1
999999999 1000000000 2 1
999999999 1000000000 2 2
2 3 1 1
3 999999999 2 478452455
100 4 1 3
1000000000 1000000000 2 2
999999999 999999999 1 3
100 100 1 99
1000000000 999999999 2 1
999999999 100 1 3
3 999999999 2 2
1000000000 999999999 3 2
4 40276081 1 3
4 999999999 3 3
1000000000 3 999999999 1
3 100 2 2
2 1000000000 1 999999999
100 2 3 1
3 190048202 1 3
474573491 100 2 2
100 100 99 2
999999999 999999999 1 999999998
999999999 999999999 1 2
1000000000 999999999 1 999999998
100 999999999 83 1
100 3 2 1
100 100 1 1
999999999 4 2 3
205684158 100 1 3
